1	0.435900	0.685100
4	0.443600	0.685100
7	0.435900	0.685100
10	0.415600	0.685100
13	0.415600	0.685100
16	0.415600	0.685100
19	0.415600	0.692800
22	0.415600	0.698800
25	0.415600	1.009500
28	0.415600	1.009500
31	0.415600	0.991400
34	0.406000	0.991400
37	0.441100	0.777600
40	0.415600	0.804200
43	0.731500	0.804200
46	0.710500	0.991400
49	0.710500	0.980400
52	0.441100	0.793200
55	0.394600	0.502800
58	0.385000	0.502800
61	0.395500	0.390600
64	0.370700	0.400200
67	0.381200	0.406200
70	0.381200	0.402700
73	0.381200	0.531900
76	0.402200	0.519800
79	0.402200	0.547500
82	0.381200	0.531900
85	0.401000	0.503900
88	0.401000	0.531900
91	0.410600	0.547500
94	0.390800	0.547500
97	0.402200	0.547500
100	0.402200	0.535400
103	0.402200	0.535400
106	0.401000	0.444800
109	0.656400	0.406200
112	0.656400	0.456900
115	0.670700	0.441300
118	0.416500	0.437000
121	0.961100	0.437000
124	0.950600	0.449000
127	0.950600	0.449000
130	0.669800	0.449000
133	0.634500	0.414700
136	0.669800	0.449000
139	0.655500	0.449000
142	0.669800	0.449000
145	0.655500	0.449000
148	0.951900	0.449000
151	0.966200	0.449000
154	0.960200	0.422400
157	0.960200	0.449000
160	0.991700	0.422400
163	0.985700	0.449000
166	0.985700	0.449000
169	0.991700	0.436600
172	0.991700	0.436600
175	1.012000	0.449000
178	1.012000	0.449000
181	0.984000	0.421000
184	0.991700	0.436600
187	1.019700	0.436600
190	0.984000	0.436600
193	1.012000	0.401300
196	1.012000	0.415600
199	1.012000	0.409600
202	0.973300	0.395300
205	0.973300	0.395300
208	0.973300	0.395300
211	0.973300	0.401300
214	0.972100	0.393900
217	0.973300	0.395300
220	0.973300	0.409600
223	0.978800	0.409600
226	0.978800	0.409600
229	0.973300	0.408200
232	0.695200	0.393900
235	0.681700	0.381900
238	0.682900	0.393900
241	0.682900	0.372900
244	0.688400	0.392700
247	0.688400	0.392700
250	0.706600	0.392700
253	0.706600	0.500900
256	0.706600	0.495300
259	0.682900	0.676100
262	0.688400	0.676100
265	0.706600	0.488900
268	0.688400	0.488900
271	0.688400	0.500900
274	0.688400	0.475500
277	0.701900	0.495300
280	0.701900	0.495300
283	0.701900	0.495300
286	0.672800	0.495300
289	0.672800	0.495300
292	0.963200	0.495300
295	0.949700	0.493100
298	0.659300	0.495300
301	0.678800	0.493100
304	0.678800	0.499100
307	0.447700	0.520100
310	0.434200	0.495300
313	0.460800	0.516300
316	0.455300	0.516300
319	0.449300	0.516300
322	0.449300	0.516300
325	0.455300	0.516300
328	0.455300	0.703500
331	0.439400	0.682500
334	0.439400	0.709500
337	0.439400	0.703500
340	0.467400	0.709500
343	0.467400	0.709500
346	0.467400	0.709500
349	0.467400	0.709500
352	0.467400	0.683700
355	0.439400	0.683700
358	0.439400	0.691100
361	0.439400	0.691100
364	0.475100	0.691100
367	0.447100	0.685100
370	0.447100	0.726400
373	0.421600	0.726400
376	0.407300	0.705400
379	0.407300	0.691100
382	0.421600	0.726400
385	0.447100	0.726400
388	0.407300	0.726400
391	0.407300	0.714400
394	0.407300	0.726400
397	0.406100	0.726400
400	0.407300	0.698800
403	0.427100	0.698800
406	0.427100	0.710800
409	0.407300	0.726800
412	0.407300	0.527200
415	0.401300	0.539600
418	0.407300	0.539600
421	0.407300	0.539600
424	0.406100	0.503900
427	0.407300	0.505600
430	0.407300	0.692800
433	0.411800	0.692800
436	0.401300	0.708400
439	0.401300	0.418600
442	0.411800	0.549200
445	0.431600	0.549200
448	0.430200	0.549200
451	0.410400	0.468200
454	0.658600	0.438900
457	0.658600	0.446600
460	0.660000	0.438900
463	0.660000	0.444900
466	0.660000	0.426000
469	0.634500	0.446600
472	0.648800	0.438900
475	0.634500	0.446600
478	0.658600	0.468200
481	0.652900	0.446600
484	0.654300	0.438900
487	0.410600	0.438900
490	0.409200	0.438900
493	0.399600	0.423300
496	0.643300	0.395300
499	0.653800	0.395300
502	0.841000	0.401300
505	0.841000	0.424600
508	0.944200	0.604100
511	1.101100	0.611800
514	0.810700	0.611800
517	0.810700	0.424600
520	0.830500	0.409000
523	1.101100	0.409000
526	1.101100	0.409000
529	1.102500	0.409000
532	0.960200	0.409000
535	0.960200	0.409000
538	0.929600	0.409000
541	0.929600	0.409000
544	0.940100	0.409000
547	0.929600	0.388000
550	0.929600	0.409000
553	0.929600	0.394700
