    1	  1.239525	 -3.702896	 -7.209259	 -2.639427	 -0.542618	  1.087532
    4	  0.945274	 -3.688194	 -7.220451	 -2.516190	 -0.443710	  1.237709
    7	  1.142502	 -3.517212	 -7.220459	 -2.202744	  0.927162	  1.041054
   10	  1.142502	 -3.380943	 -6.831245	 -2.281715	  0.832481	  1.084816
   13	  0.703728	 -3.002388	 -6.756798	 -2.272720	  0.642075	  1.213776
   16	  0.853325	 -1.841606	 -8.533752	 -1.943474	  1.149155	  1.521339
   19	  0.717056	 -2.552872	 -8.662758	 -1.723351	  1.099968	  1.071075
   22	  0.717056	 -2.300743	 -8.530098	 -1.797791	  1.003815	  1.332382
   25	  0.435783	 -2.143311	 -7.094055	 -1.986076	  0.966026	  1.576996
   28	  0.374443	 -1.740089	 -7.274551	 -1.923767	  0.982628	  1.733353
   31	  0.116577	 -1.362663	 -7.876450	 -1.658966	  0.985046	  1.573853
   34	  0.003021	 -1.468399	 -7.505722	 -0.420151	  0.656616	  1.286583
   37	  0.170670	 -1.066460	 -7.528191	 -0.665344	  0.591591	  1.198975
   40	  0.142998	 -0.907707	 -7.478996	 -0.716354	 -0.842926	  1.111626
   43	  0.241837	 -1.067696	 -7.521942	 -0.176521	 -0.641846	  1.186829
   46	  0.556473	 -1.314209	 -7.461998	  1.072060	 -1.117226	  0.893623
   49	  0.713524	 -1.059761	 -7.168785	  0.915359	 -1.250221	  0.688255
   52	  0.910042	 -1.124779	 -7.118866	  0.776215	 -1.288017	  1.142410
   55	  1.141945	 -0.741730	 -7.104149	  0.872490	 -1.444435	 -0.480301
   58	  1.257416	 -0.351807	 -7.015236	  0.445145	 -1.528946	 -0.649384
   61	  1.725670	 -0.238434	 -6.977631	  0.550362	 -1.460075	 -0.549477
   64	  1.420311	 -0.635559	 -7.510506	  0.668182	 -1.886238	 -0.943802
   67	  1.165276	 -0.318787	 -6.187202	  0.423882	 -2.021927	 -0.937675
   70	  1.059494	 -0.451698	 -6.391846	 -0.802429	 -1.302757	 -0.776070
   73	  1.291924	 -0.470528	 -6.348213	 -0.896225	 -1.531418	 -0.947151
   76	  1.141487	 -0.376091	 -6.473419	 -1.458328	 -1.681450	 -0.759094
   79	  1.291084	  0.008430	 -6.827393	 -1.280090	 -1.681450	 -0.968315
   82	  1.548347	  0.001915	 -6.622040	 -0.992302	 -2.007736	 -1.360718
   85	  1.443886	 -0.163879	 -6.709167	 -1.182182	 -1.917786	 -1.492767
   88	  1.468079	 -1.534164	 -6.663879	 -1.148598	 -1.798080	 -1.092125
   91	  1.784790	 -1.325630	 -6.483383	 -0.954269	 -2.150589	 -1.074532
   94	  2.120316	 -1.140526	 -6.517990	 -1.030647	 -2.081642	 -1.111549
   97	  2.143433	 -2.188622	 -4.897064	 -0.959763	 -2.116234	 -1.022942
  100	  1.910522	 -1.841736	 -5.137665	 -0.684921	 -2.257591	 -1.277649
  103	  1.906296	 -1.998634	 -3.851898	 -1.133713	 -2.291260	 -1.263344
  106	  1.655380	 -3.579605	 -3.646301	 -1.251541	 -1.714851	 -1.019135
  109	  1.911522	 -4.176224	 -2.487190	 -1.239754	 -0.659363	 -0.713768
  112	  1.651222	 -5.629585	 -1.945244	 -1.347534	 -0.640091	 -0.445251
  115	  1.665878	 -5.466393	 -2.063385	 -2.264389	 -1.138275	 -0.487579
  118	  1.369041	 -6.832672	 -1.766022	 -2.215546	 -1.445297	 -0.693222
  121	  1.770988	 -6.712387	 -1.332527	 -2.215546	 -1.445297	 -0.705353
  124	  1.885292	 -6.578644	 -1.526291	 -2.246719	 -1.399818	 -0.809784
  127	  1.810852	 -6.963448	 -0.282661	 -2.434242	 -1.334335	 -0.938477
  130	  1.613914	 -7.496033	 -0.479507	 -2.555046	 -1.413849	 -0.931953
  133	  1.701271	 -7.849983	 -0.482651	 -2.694946	 -1.038330	 -1.090118
  136	  1.426384	 -8.082657	  0.572128	 -3.054665	 -1.289246	 -1.575325
  139	  1.321281	 -7.321823	  0.677910	 -3.442856	 -2.869270	 -1.042763
  142	  1.403481	 -7.575439	  0.305580	 -3.359756	 -2.994247	 -1.230537
  145	  1.421875	 -7.903854	 -0.082062	 -3.459183	 -2.956451	 -1.475143
  148	  1.236816	 -7.738503	  0.253067	 -3.521500	 -2.898216	 -1.458466
  151	  0.733864	 -8.088631	  0.607048	 -3.706604	 -2.800262	 -1.422165
  154	  0.716270	 -7.982903	  0.236320	 -3.706604	 -3.014107	 -2.685471
  157	  0.548622	 -8.384842	  0.439270	 -3.136070	 -2.737160	 -2.510330
  160	  0.810776	 -8.443947	  0.229729	 -2.885323	 -1.117592	 -2.517426
  163	  1.011337	 -8.313866	  0.101036	 -3.133240	 -1.269287	 -2.275841
  166	  0.378891	 -8.145218	 -0.046707	 -4.255165	 -0.642258	 -1.973969
  169	  0.296562	 -8.190491	 -0.434341	 -4.298218	 -0.518402	 -1.754295
  172	  0.225250	 -7.949493	 -0.509956	 -4.186081	 -0.380936	 -1.994926
  175	  0.000198	 -8.202789	 -0.503769	 -5.684731	 -0.172592	 -0.624435
  178	 -0.228958	 -9.823700	 -0.111359	 -5.144753	 -0.158394	 -0.655128
  181	 -0.114304	-10.226913	 -0.291862	 -5.318947	 -0.108124	 -0.576485
  184	 -0.348778	-11.597427	 -0.284470	 -5.047546	 -0.120468	 -0.432976
  187	 -0.247459	-11.707512	  0.081444	 -5.084328	 -0.008484	 -0.370125
  190	  0.250725	-11.384750	  0.063049	 -4.095863	 -0.566185	 -0.555740
  193	  0.564270	-11.100822	 -0.067932	 -3.913879	 -0.279297	 -0.244751
  196	  1.034950	-11.008179	  0.038956	 -3.727295	  0.059036	  0.042137
  199	  0.727760	-11.341431	  0.064438	 -3.819962	 -0.164986	  0.309212
  202	  0.628082	-11.541550	  0.094345	 -3.927757	 -0.389343	 -0.017555
  205	  1.039581	-11.297333	  0.181473	 -4.159317	 -0.525024	 -0.011429
  208	  1.314842	 -9.759155	 -0.156395	 -5.629242	 -0.237068	  0.009361
  211	  1.047951	 -9.711960	 -0.159248	 -5.661667	 -0.039093	  0.189438
  214	  0.890511	 -9.999229	 -0.315262	 -5.094582	  0.254120	  0.364555
  217	  1.030952	 -8.496674	 -0.310867	 -5.094582	  0.254112	  0.439400
  220	  1.255203	 -8.589340	 -0.241890	 -4.819710	  0.332108	 -0.935104
  223	  1.299721	 -8.376205	 -0.057724	 -4.424881	  0.141525	 -1.011261
  226	  1.293678	 -7.642769	 -0.779907	 -4.430496	 -0.106392	 -1.268234
  229	  0.931755	 -6.973824	 -0.646011	 -4.663422	  0.085968	 -1.868668
  232	  1.055077	 -5.837181	 -0.896751	 -4.537315	 -0.209221	 -3.319321
  235	  1.263420	 -5.680374	 -0.787590	 -3.772102	  0.144035	 -3.310181
  238	  1.651375	 -4.184013	 -0.802849	 -3.443520	 -0.062592	 -3.263580
  241	  1.545448	 -3.908401	 -0.975883	 -3.235168	 -0.122368	 -3.350731
  244	  1.382492	 -5.279274	 -0.444771	 -3.080765	 -0.350609	 -3.284462
  247	  1.519539	 -4.873993	 -0.639999	 -3.038635	 -0.367302	 -3.021736
  250	  1.188103	 -4.848503	 -0.551094	 -2.851250	 -0.310852	 -3.178543
  253	  1.206047	 -6.211555	 -0.403023	 -2.964638	 -0.684891	 -3.300827
  256	  1.650375	 -5.694969	 -0.275658	 -3.084206	 -0.712944	 -2.746292
  259	  1.805031	 -6.000648	 -0.227829	 -2.959183	  0.597557	 -3.053848
  262	  1.784676	 -5.804840	 -0.458565	 -3.165085	  0.722534	 -2.764252
  265	  1.793571	 -5.818916	 -0.364113	 -2.827446	  0.621391	 -3.939308
  268	  1.656181	 -7.247581	 -0.277397	 -2.744347	  0.018066	 -4.166222
  271	  2.421394	 -6.876991	 -1.679779	 -2.580772	 -0.025696	 -4.039871
  274	  2.662010	 -6.713341	 -1.068420	 -2.408066	  0.086990	 -2.726753
  277	  3.178596	 -6.452881	 -1.153198	 -2.722870	 -0.087120	 -3.001633
  280	  3.006973	 -6.572021	 -0.943649	 -2.794785	  0.130257	 -2.551376
  283	  3.151901	 -6.383080	 -0.680923	 -2.743790	 -0.066978	 -2.749908
  286	  3.450882	 -7.793877	 -0.971680	 -1.570473	 -0.493141	 -2.901611
  289	  3.200081	 -8.197372	 -0.658470	 -1.328896	 -0.847122	 -3.103691
  292	  3.100403	 -8.485733	 -0.571411	 -1.678879	 -1.134834	 -3.103691
  295	  2.963806	 -8.303764	 -0.377480	 -0.583115	 -1.149712	 -3.150894
  298	  3.014122	 -8.303764	 -0.377480	 -0.516914	 -0.672729	 -2.876373
  301	  3.014122	 -7.981712	  0.113701	 -0.185211	 -0.583084	 -3.330521
  304	  3.484634	 -6.296394	  0.482132	 -0.507996	 -0.570732	 -3.075821
  307	  3.383904	 -6.589813	  0.341179	 -0.206123	 -0.636993	 -3.138664
  310	  3.139694	 -6.622986	  0.446472	 -1.194588	 -0.079292	 -2.689888
  313	  2.675873	 -6.888077	  0.282188	 -1.120140	 -0.004532	 -2.813103
  316	  1.953690	 -6.964447	  0.175293	 -0.995224	 -0.141998	 -2.825851
  319	  2.282265	 -8.064110	  0.751701	 -1.571487	 -0.261421	 -2.998344
  322	  2.465042	 -7.988968	  0.814468	 -1.711220	 -0.124687	 -2.550453
  325	  2.317299	 -8.125237	  0.527603	 -1.495682	  0.069252	 -2.351212
  328	  2.129105	 -8.645561	  0.294945	 -0.130211	 -0.174965	 -2.384392
  331	  2.282242	 -8.484467	  0.137794	  0.090919	 -0.327057	 -2.431564
  334	  1.899200	 -8.259499	  0.391769	 -0.260628	 -0.715004	 -2.656609
  337	  1.929733	 -8.666290	  0.223175	 -0.470673	 -0.879936	 -2.656609
  340	  1.630333	 -8.636383	  0.544121	 -0.470673	 -0.879936	 -1.343483
  343	  1.594772	 -8.485886	  0.479370	 -0.735764	 -0.948891	 -1.480873
  346	  1.594765	 -8.007538	  0.912857	 -1.912292	 -0.906555	 -1.593094
  349	  1.773903	 -8.361511	  0.981453	 -1.721695	 -0.861404	 -1.206909
  352	  1.657295	 -8.188446	  0.920372	 -1.650383	 -0.772850	 -0.152138
  355	  1.605362	 -8.078362	  0.675766	 -1.809433	 -0.558594	 -0.065010
  358	  1.571693	 -7.885506	  1.083420	 -1.788979	 -0.599480	 -0.149788
  361	  1.928528	 -7.710869	  1.330887	 -1.960609	 -0.921516	 -0.624733
  364	  1.978851	 -7.770874	  0.805405	 -2.370255	 -0.874428	 -0.549507
  367	  2.130501	 -7.779533	  0.812485	 -2.600372	 -1.045517	 -0.911674
  370	  2.658867	 -7.408707	  0.687515	 -2.738495	 -0.962082	 -1.048264
  373	  2.900475	 -5.958046	 -0.160019	 -2.515739	 -0.687950	 -1.436768
  376	  2.402283	 -6.041153	  0.121254	 -2.456215	 -0.587570	 -1.982727
  379	  2.319550	 -6.068939	  0.071342	 -2.507866	 -0.498001	 -2.082832
  382	  2.353127	 -6.208817	  0.359764	 -2.884865	 -0.972954	 -2.270218
  385	  2.572342	 -5.866318	  0.670288	 -2.793831	 -0.898254	 -0.963943
  388	  2.557648	 -4.409607	  0.225960	 -3.188675	 -0.229317	 -0.753716
  391	  2.398598	 -4.212669	  1.461456	 -3.454453	 -1.708992	 -0.977966
  394	  2.237503	 -4.294014	 -0.041100	 -3.618126	 -1.567780	 -0.670181
  397	  2.383141	 -4.345993	 -0.052307	 -3.590179	 -1.427322	 -0.702499
  400	  2.663200	 -4.474365	 -0.224808	 -3.745941	 -2.029533	 -2.387810
  403	  2.130615	 -4.851097	 -0.586960	 -4.010735	 -2.014839	 -2.399033
  406	  2.231766	 -3.568672	 -0.562363	 -3.760132	 -1.960449	 -2.587708
  409	  2.293610	 -3.379723	 -0.587196	 -4.113838	 -1.934967	 -2.372864
  412	  2.443207	 -3.118423	 -0.596237	 -3.665947	 -1.730324	 -2.530457
  415	  2.655266	 -3.431625	 -0.685150	 -3.662048	 -2.037109	 -2.524277
  418	  2.544357	 -2.183044	 -1.041985	 -3.671608	 -2.639008	 -2.661316
  421	  2.423653	 -2.183044	 -1.041985	 -3.834244	 -2.793396	 -2.385712
  424	  2.078171	 -2.502075	 -1.574707	 -3.900681	 -2.427193	 -2.464340
  427	  1.916748	 -2.304100	 -1.634300	 -4.172073	 -2.391617	 -2.281799
  430	  2.170334	 -2.262253	 -1.699318	 -2.609375	 -2.811806	 -3.907112
  433	  2.313919	 -3.441864	 -1.245575	 -2.464455	 -2.778641	 -4.161331
  436	  2.569649	 -3.339043	 -1.386200	 -1.987473	 -2.558067	 -4.273544
  439	  2.373123	 -1.906128	 -1.988113	 -1.318527	 -2.214615	 -4.022629
  442	  2.176270	 -2.226723	 -2.462364	 -1.178795	 -2.271393	 -4.189507
  445	  1.756500	 -2.423576	 -2.531326	 -1.307152	 -3.734802	 -4.054504
  448	  1.745056	 -1.903259	 -2.298653	 -1.812523	 -3.988777	 -4.344101
  451	  1.591919	 -2.068573	 -2.335434	 -2.021286	 -3.791534	 -4.462341
  454	  1.872101	 -2.293533	 -2.332596	 -3.446754	 -3.651054	 -4.393982
  457	  2.029533	 -1.935921	 -3.662651	 -3.373100	 -3.500801	 -4.626411
  460	  2.237831	 -2.175873	 -4.083023	 -3.600784	 -3.388176	 -4.639572
  463	  2.097359	 -2.187088	 -3.925499	 -3.556267	 -3.028450	 -4.169060
  466	  2.206276	 -2.262238	 -4.127991	 -2.194122	 -3.129875	 -3.878288
  469	  2.274399	 -3.310631	 -4.144661	 -2.097847	 -2.986839	 -3.902817
  472	  2.117256	 -3.729134	 -4.340393	 -2.221054	 -2.884682	 -3.557510
  475	  2.185852	 -3.845734	 -4.079094	 -2.316452	 -3.392143	 -3.819771
  478	  2.022278	 -4.300194	 -5.786720	 -2.336906	 -3.439514	 -3.952675
  481	  1.676796	 -4.699196	 -6.360962	 -2.286072	 -3.196991	 -3.471199
  484	  1.740143	 -3.188522	 -6.360962	 -1.985344	 -3.606384	 -3.718468
  487	  1.584099	 -3.577736	 -5.826103	 -1.631363	 -3.225769	 -3.556862
  490	  1.387177	 -5.022438	 -5.447540	 -1.805115	 -3.245842	 -3.104179
  493	  1.438171	 -5.209801	 -4.841370	 -1.708847	 -3.145920	 -2.598808
  496	  2.005676	 -5.126694	 -4.966339	 -1.518219	 -3.304092	 -2.653275
  499	  1.996529	 -4.994476	 -4.716766	 -1.580139	 -3.503616	 -2.489830
  502	  2.064766	 -4.687286	 -4.463486	 -1.281158	 -4.492088	 -2.132988
  505	  1.811157	 -4.875267	 -4.414291	 -1.285065	 -4.303658	 -2.073814
  508	  2.160103	 -5.016754	 -4.296097	 -0.998177	 -4.294502	 -2.057121
  511	  2.064705	 -5.365059	 -3.941246	 -0.856239	 -2.605293	 -1.770256
  514	  2.334236	 -6.626976	 -2.290939	 -0.967499	 -2.720825	 -2.164856
  517	  2.242538	 -6.626976	 -2.290939	 -1.317482	 -3.261391	 -2.407379
  520	  2.225212	 -6.413033	 -2.382187	 -1.478050	 -3.166649	 -0.965889
  523	  2.513573	 -6.123436	 -2.146378	 -1.422409	 -3.385918	 -1.126724
  526	  2.490456	 -5.957268	 -2.287003	 -1.443947	 -3.371437	 -0.807129
  529	  2.435585	 -5.917557	 -2.121208	 -1.265076	 -3.340988	 -0.960045
  532	  2.468765	 -6.493820	 -2.020401	 -1.238014	 -3.207993	 -0.652855
  535	  2.857132	 -6.043571	 -1.832214	 -1.176895	 -4.417915	 -0.607124
  538	  3.240189	 -6.028854	 -2.128235	 -1.252113	 -4.227509	 -0.631966
  541	  3.255791	 -5.590088	 -2.723045	 -1.364746	 -5.692688	 -0.900482
  544	  3.514549	 -6.036270	 -2.455139	 -0.925980	 -6.227547	 -0.979462
  547	  3.761818	 -6.235718	 -2.509285	 -0.999641	 -6.589867	 -1.048325
  550	  3.062668	 -6.349487	 -1.954750	 -1.142670	 -6.614067	  0.321945
  553	  2.968094	 -5.165634	 -1.962936	 -1.287605	 -6.625854	  0.362228
  556	  3.195778	 -5.117859	 -1.819885	 -1.607849	 -6.974800	  0.480492
  559	  3.296158	 -5.117859	 -1.731644	 -1.961823	 -7.074982	  0.223526
  562	  2.976418	 -4.669449	 -1.069405	 -1.985535	 -6.852226	  0.185020
  565	  3.347000	 -5.917305	 -0.717987	 -1.916367	 -5.582726	  0.070366
  568	  2.844040	 -6.400711	 -0.719658	 -2.649803	 -5.320580	  0.132278
  571	  2.987625	 -7.580322	 -0.272148	 -2.825851	 -5.369957	  0.431732
  574	  3.093605	 -7.407272	 -0.372940	 -1.227661	 -5.147003	  0.486603
  577	  2.765182	 -7.723999	  0.966675	 -1.156761	 -5.479950	  0.310387
  580	  3.010590	 -7.687057	 -0.233871	 -1.181496	 -5.423302	  0.273720
  583	  3.461159	 -7.477310	 -0.621521	 -1.322845	 -5.678009	 -0.164421
  586	  3.430626	 -7.289955	 -0.725143	 -1.447884	 -7.147934	 -0.431480
  589	  3.750870	 -5.708984	 -0.489090	 -1.766914	 -7.281990	 -0.252655
  592	  4.069908	 -5.164146	 -0.411110	 -1.652695	 -7.276581	 -0.383232
  595	  3.951920	 -5.364319	 -0.534340	 -1.642075	 -7.246109	 -0.395485
  598	  3.892738	 -5.362534	  0.953934	 -1.781975	 -7.157921	 -0.330948
  601	  3.919182	 -5.325539	  1.431732	 -1.906464	 -7.400444	 -0.812408
  604	  4.285385	 -5.225632	  1.654770	 -2.207191	 -6.991035	 -0.658806
  607	  4.293686	 -5.045631	  1.164078	 -2.299873	 -7.254776	 -0.620888
  610	  4.064461	 -3.721619	  0.785507	 -2.226219	 -7.405029	 -0.850021
  613	  4.013466	 -3.534264	  0.657684	 -2.446342	 -7.326401	 -0.644127
  616	  3.765541	 -3.476418	  0.944550	 -2.507965	 -7.322754	 -0.644119
  619	  3.799210	 -3.336510	 -0.491508	 -2.268288	 -7.059883	 -0.569366
  622	  3.881943	 -4.014595	 -0.584801	 -2.119377	 -5.654701	 -0.826332
  625	  4.327805	 -4.361481	 -0.497009	 -2.406235	 -5.717010	 -0.791725
  628	  4.336464	 -5.550049	 -0.161491	 -2.504181	 -5.791779	 -0.791725
  631	  4.528297	 -5.691261	 -0.565369	 -2.504181	 -5.970329	 -1.234886
  634	  4.254547	 -4.548439	 -1.105209	 -2.295845	 -5.813515	 -1.041534
